# 3ds Max Wavefront OBJ Exporter v0.97b - (c)2007 guruware
# File Created: 07.09.2017 16:46:54

mtllib Bench.mtl

#
# object Box001
#

v  -52512.7344 392976.6875 1081901.8750
v  -49665.3906 392976.6875 1065753.7500
v  -33517.2969 392976.6875 1068601.1250
v  -36364.6406 392976.6875 1084749.2500
v  -52512.7344 514672.0313 1081901.8750
v  -36364.6406 514672.0313 1084749.2500
v  -33517.2969 514672.0313 1068601.1250
v  -49665.3906 514672.0313 1065753.7500
# 8 vertices

vn 0.0000 -1.0000 -0.0000
vn 0.0000 1.0000 -0.0000
vn -0.1736 0.0000 0.9848
vn 0.9848 0.0000 0.1736
vn 0.1736 0.0000 -0.9848
vn -0.9848 0.0000 -0.1736
# 6 vertex normals

vt 1.0000 0.0000 0.0000
vt 1.0000 1.0000 0.0000
vt 0.0000 1.0000 0.0000
vt 0.0000 0.0000 0.0000
# 4 texture coords

g Box001
usemtl _crayfishdiffuse
s 2
f -8/-4/-6 -7/-3/-6 -6/-2/-6 -5/-1/-6 
s 4
f -4/-1/-5 -3/-4/-5 -2/-3/-5 -1/-2/-5 
s 8
f -8/-1/-4 -5/-4/-4 -3/-3/-4 -4/-2/-4 
s 16
f -5/-1/-3 -6/-4/-3 -2/-3/-3 -3/-2/-3 
s 32
f -6/-1/-2 -7/-4/-2 -1/-3/-2 -2/-2/-2 
s 64
f -7/-1/-1 -8/-4/-1 -4/-3/-1 -1/-2/-1 
# 6 polygons

#
# object Box002
#

v  -30981.5156 392976.6875 959792.2500
v  -28134.1719 392976.6875 943644.1250
v  -11986.0771 392976.6875 946491.5000
v  -14833.4219 392976.6875 962639.6250
v  -30981.5156 514672.0313 959792.2500
v  -14833.4219 514672.0313 962639.6250
v  -11986.0771 514672.0313 946491.5000
v  -28134.1719 514672.0313 943644.1250
# 8 vertices

vn 0.0000 -1.0000 -0.0000
vn 0.0000 1.0000 -0.0000
vn -0.1736 0.0000 0.9848
vn 0.9848 0.0000 0.1736
vn 0.1736 0.0000 -0.9848
vn -0.9848 0.0000 -0.1736
# 6 vertex normals

vt 1.0000 0.0000 0.0000
vt 1.0000 1.0000 0.0000
vt 0.0000 1.0000 0.0000
vt 0.0000 0.0000 0.0000
# 4 texture coords

g Box002
usemtl _crayfishdiffuse
s 2
f -8/-4/-6 -7/-3/-6 -6/-2/-6 -5/-1/-6 
s 4
f -4/-1/-5 -3/-4/-5 -2/-3/-5 -1/-2/-5 
s 8
f -8/-1/-4 -5/-4/-4 -3/-3/-4 -4/-2/-4 
s 16
f -5/-1/-3 -6/-4/-3 -2/-3/-3 -3/-2/-3 
s 32
f -6/-1/-2 -7/-4/-2 -1/-3/-2 -2/-2/-2 
s 64
f -7/-1/-1 -8/-4/-1 -4/-3/-1 -1/-2/-1 
# 6 polygons

#
# object Box003
#

v  -438989.4688 392976.6875 887849.5000
v  -436142.1250 392976.6875 871701.3750
v  -419994.0313 392976.6875 874548.7500
v  -422841.3750 392976.6875 890696.8750
v  -438989.4688 514672.0313 887849.5000
v  -422841.3750 514672.0313 890696.8750
v  -419994.0313 514672.0313 874548.7500
v  -436142.1250 514672.0313 871701.3750
# 8 vertices

vn 0.0000 -1.0000 -0.0000
vn 0.0000 1.0000 -0.0000
vn -0.1736 0.0000 0.9848
vn 0.9848 0.0000 0.1736
vn 0.1736 0.0000 -0.9848
vn -0.9848 0.0000 -0.1736
# 6 vertex normals

vt 1.0000 0.0000 0.0000
vt 1.0000 1.0000 0.0000
vt 0.0000 1.0000 0.0000
vt 0.0000 0.0000 0.0000
# 4 texture coords

g Box003
usemtl _crayfishdiffuse
s 2
f -8/-4/-6 -7/-3/-6 -6/-2/-6 -5/-1/-6 
s 4
f -4/-1/-5 -3/-4/-5 -2/-3/-5 -1/-2/-5 
s 8
f -8/-1/-4 -5/-4/-4 -3/-3/-4 -4/-2/-4 
s 16
f -5/-1/-3 -6/-4/-3 -2/-3/-3 -3/-2/-3 
s 32
f -6/-1/-2 -7/-4/-2 -1/-3/-2 -2/-2/-2 
s 64
f -7/-1/-1 -8/-4/-1 -4/-3/-1 -1/-2/-1 
# 6 polygons

#
# object Box004
#

v  -460520.6563 392976.6875 1009959.0625
v  -457673.3125 392976.6875 993810.9375
v  -441525.2188 392976.6875 996658.3125
v  -444372.5625 392976.6875 1012806.4375
v  -460520.6563 514672.0313 1009959.0625
v  -444372.5625 514672.0313 1012806.4375
v  -441525.2188 514672.0313 996658.3125
v  -457673.3125 514672.0313 993810.9375
# 8 vertices

vn 0.0000 -1.0000 -0.0000
vn 0.0000 1.0000 -0.0000
vn -0.1736 0.0000 0.9848
vn 0.9848 0.0000 0.1736
vn 0.1736 0.0000 -0.9848
vn -0.9848 0.0000 -0.1736
# 6 vertex normals

vt 1.0000 0.0000 0.0000
vt 1.0000 1.0000 0.0000
vt 0.0000 1.0000 0.0000
vt 0.0000 0.0000 0.0000
# 4 texture coords

g Box004
usemtl _crayfishdiffuse
s 2
f -8/-4/-6 -7/-3/-6 -6/-2/-6 -5/-1/-6 
s 4
f -4/-1/-5 -3/-4/-5 -2/-3/-5 -1/-2/-5 
s 8
f -8/-1/-4 -5/-4/-4 -3/-3/-4 -4/-2/-4 
s 16
f -5/-1/-3 -6/-4/-3 -2/-3/-3 -3/-2/-3 
s 32
f -6/-1/-2 -7/-4/-2 -1/-3/-2 -2/-2/-2 
s 64
f -7/-1/-1 -8/-4/-1 -4/-3/-1 -1/-2/-1 
# 6 polygons

#
# object Box005
#

v  -469385.5000 508302.6875 910136.5000
v  -458983.3125 508302.6875 851142.5625
v  16196.2656 508302.6875 934929.5000
v  5794.0469 508302.6875 993923.4375
v  -469385.5000 520869.1875 910136.5000
v  5794.0469 520869.1875 993923.4375
v  16196.2656 520869.1875 934929.5000
v  -458983.3125 520869.1875 851142.5625
# 8 vertices

vn 0.0000 -1.0000 -0.0000
vn 0.0000 1.0000 -0.0000
vn -0.1736 0.0000 0.9848
vn 0.9848 0.0000 0.1736
vn 0.1736 0.0000 -0.9848
vn -0.9848 0.0000 -0.1736
# 6 vertex normals

vt 1.0000 0.0000 0.0000
vt 1.0000 1.0000 0.0000
vt 0.0000 1.0000 0.0000
vt 0.0000 0.0000 0.0000
# 4 texture coords

g Box005
usemtl 02___Default
s 2
f -8/-4/-6 -7/-3/-6 -6/-2/-6 -5/-1/-6 
s 4
f -4/-1/-5 -3/-4/-5 -2/-3/-5 -1/-2/-5 
s 8
f -8/-1/-4 -5/-4/-4 -3/-3/-4 -4/-2/-4 
s 16
f -5/-1/-3 -6/-4/-3 -2/-3/-3 -3/-2/-3 
s 32
f -6/-1/-2 -7/-4/-2 -1/-3/-2 -2/-2/-2 
s 64
f -7/-1/-1 -8/-4/-1 -4/-3/-1 -1/-2/-1 
# 6 polygons

#
# object Box006
#

v  -480260.7500 508302.6875 971812.9375
v  -469858.5000 508302.6875 912819.0000
v  5321.0469 508302.6875 996605.9375
v  -5081.1719 508302.6875 1055599.8750
v  -480260.7500 520869.1875 971812.9375
v  -5081.1719 520869.1875 1055599.8750
v  5321.0469 520869.1875 996605.9375
v  -469858.5000 520869.1875 912819.0000
# 8 vertices

vn 0.0000 -1.0000 -0.0000
vn 0.0000 1.0000 -0.0000
vn -0.1736 0.0000 0.9848
vn 0.9848 0.0000 0.1736
vn 0.1736 0.0000 -0.9848
vn -0.9848 0.0000 -0.1736
# 6 vertex normals

vt 1.0000 0.0000 0.0000
vt 1.0000 1.0000 0.0000
vt 0.0000 1.0000 0.0000
vt 0.0000 0.0000 0.0000
# 4 texture coords

g Box006
usemtl 02___Default
s 2
f -8/-4/-6 -7/-3/-6 -6/-2/-6 -5/-1/-6 
s 4
f -4/-1/-5 -3/-4/-5 -2/-3/-5 -1/-2/-5 
s 8
f -8/-1/-4 -5/-4/-4 -3/-3/-4 -4/-2/-4 
s 16
f -5/-1/-3 -6/-4/-3 -2/-3/-3 -3/-2/-3 
s 32
f -6/-1/-2 -7/-4/-2 -1/-3/-2 -2/-2/-2 
s 64
f -7/-1/-1 -8/-4/-1 -4/-3/-1 -1/-2/-1 
# 6 polygons

#
# object Box007
#

v  -485574.1563 508302.6875 1001946.8125
v  -480672.0938 508302.6875 974145.8125
v  -5492.5313 508302.6875 1057932.7500
v  -10394.5938 508302.6875 1085733.7500
v  -485574.1563 520869.1875 1001946.8125
v  -10394.5938 520869.1875 1085733.7500
v  -5492.5313 520869.1875 1057932.7500
v  -480672.0938 520869.1875 974145.8125
# 8 vertices

vn 0.0000 -1.0000 -0.0000
vn 0.0000 1.0000 -0.0000
vn -0.1736 0.0000 0.9848
vn 0.9848 0.0000 0.1736
vn 0.1736 0.0000 -0.9848
vn -0.9848 0.0000 -0.1736
# 6 vertex normals

vt 1.0000 0.0000 0.0000
vt 1.0000 1.0000 0.0000
vt 0.0000 1.0000 0.0000
vt 0.0000 0.0000 0.0000
# 4 texture coords

g Box007
usemtl 02___Default
s 2
f -8/-4/-6 -7/-3/-6 -6/-2/-6 -5/-1/-6 
s 4
f -4/-1/-5 -3/-4/-5 -2/-3/-5 -1/-2/-5 
s 8
f -8/-1/-4 -5/-4/-4 -3/-3/-4 -4/-2/-4 
s 16
f -5/-1/-3 -6/-4/-3 -2/-3/-3 -3/-2/-3 
s 32
f -6/-1/-2 -7/-4/-2 -1/-3/-2 -2/-2/-2 
s 64
f -7/-1/-1 -8/-4/-1 -4/-3/-1 -1/-2/-1 
# 6 polygons

#
# object Box008
#

v  -53522.4844 495095.9063 1077738.8750
v  -31859.2344 495095.9063 954880.5000
v  -11940.9531 495095.9063 958392.6250
v  -33604.2031 495095.9063 1081251.0000
v  -53522.4844 507662.4063 1077738.8750
v  -33604.2031 507662.4063 1081251.0000
v  -11940.9531 507662.4063 958392.6250
v  -31859.2344 507662.4063 954880.5000
# 8 vertices

vn 0.0000 -1.0000 -0.0000
vn 0.0000 1.0000 -0.0000
vn -0.1736 0.0000 0.9848
vn 0.9848 0.0000 0.1736
vn 0.1736 0.0000 -0.9848
vn -0.9848 0.0000 -0.1736
# 6 vertex normals

vt 1.0000 0.0000 0.0000
vt 1.0000 1.0000 0.0000
vt 0.0000 1.0000 0.0000
vt 0.0000 0.0000 0.0000
# 4 texture coords

g Box008
usemtl _crayfishdiffuse
s 2
f -8/-4/-6 -7/-3/-6 -6/-2/-6 -5/-1/-6 
s 4
f -4/-1/-5 -3/-4/-5 -2/-3/-5 -1/-2/-5 
s 8
f -8/-1/-4 -5/-4/-4 -3/-3/-4 -4/-2/-4 
s 16
f -5/-1/-3 -6/-4/-3 -2/-3/-3 -3/-2/-3 
s 32
f -6/-1/-2 -7/-4/-2 -1/-3/-2 -2/-2/-2 
s 64
f -7/-1/-1 -8/-4/-1 -4/-3/-1 -1/-2/-1 
# 6 polygons

#
# object Box009
#

v  -461086.1875 495095.9063 1005874.3750
v  -439422.9063 495095.9063 883016.0000
v  -419504.6250 495095.9063 886528.1250
v  -441167.9063 495095.9063 1009386.5000
v  -461086.1875 507662.4063 1005874.3750
v  -441167.9063 507662.4063 1009386.5000
v  -419504.6250 507662.4063 886528.1250
v  -439422.9063 507662.4063 883016.0000
# 8 vertices

vn 0.0000 -1.0000 -0.0000
vn 0.0000 1.0000 -0.0000
vn -0.1736 0.0000 0.9848
vn 0.9848 0.0000 0.1736
vn 0.1736 0.0000 -0.9848
vn -0.9848 0.0000 -0.1736
# 6 vertex normals

vt 1.0000 0.0000 0.0000
vt 1.0000 1.0000 0.0000
vt 0.0000 1.0000 0.0000
vt 0.0000 0.0000 0.0000
# 4 texture coords

g Box009
usemtl _crayfishdiffuse
s 2
f -8/-4/-6 -7/-3/-6 -6/-2/-6 -5/-1/-6 
s 4
f -4/-1/-5 -3/-4/-5 -2/-3/-5 -1/-2/-5 
s 8
f -8/-1/-4 -5/-4/-4 -3/-3/-4 -4/-2/-4 
s 16
f -5/-1/-3 -6/-4/-3 -2/-3/-3 -3/-2/-3 
s 32
f -6/-1/-2 -7/-4/-2 -1/-3/-2 -2/-2/-2 
s 64
f -7/-1/-1 -8/-4/-1 -4/-3/-1 -1/-2/-1 
# 6 polygons

#
# object Box010
#

v  -67122.1094 665702.6250 1154866.1250
v  -53915.4844 502604.5000 1079967.7500
v  -33997.2031 502604.5000 1083479.8750
v  -47203.8281 665702.6250 1158378.2500
v  -65144.4063 671013.5000 1143650.1250
v  -45226.1250 671013.5000 1147162.2500
v  -32019.5039 507915.3125 1072263.7500
v  -51937.7852 507915.3125 1068751.6250
# 8 vertices

vn -0.1574 -0.4226 0.8925
vn 0.1574 0.4226 -0.8925
vn -0.0734 0.9063 0.4162
vn 0.9848 0.0000 0.1736
vn 0.0734 -0.9063 -0.4162
vn -0.9848 0.0000 -0.1736
# 6 vertex normals

vt 1.0000 0.0000 0.0000
vt 1.0000 1.0000 0.0000
vt 0.0000 1.0000 0.0000
vt 0.0000 0.0000 0.0000
# 4 texture coords

g Box010
usemtl _crayfishdiffuse
s 2
f -8/-4/-6 -7/-3/-6 -6/-2/-6 -5/-1/-6 
s 4
f -4/-1/-5 -3/-4/-5 -2/-3/-5 -1/-2/-5 
s 8
f -8/-1/-4 -5/-4/-4 -3/-3/-4 -4/-2/-4 
s 16
f -5/-1/-3 -6/-4/-3 -2/-3/-3 -3/-2/-3 
s 32
f -6/-1/-2 -7/-4/-2 -1/-3/-2 -2/-2/-2 
s 64
f -7/-1/-1 -8/-4/-1 -4/-3/-1 -1/-2/-1 
# 6 polygons

#
# object Box011
#

v  -473236.5625 665702.6250 1083257.1250
v  -460029.9688 502604.5000 1008358.6875
v  -440111.6875 502604.5000 1011870.8125
v  -453318.2813 665702.6250 1086769.2500
v  -471258.8750 671013.5000 1072041.1250
v  -451340.5938 671013.5000 1075553.2500
v  -438133.9688 507915.3125 1000654.7500
v  -458052.2500 507915.3125 997142.6250
# 8 vertices

vn -0.1574 -0.4226 0.8925
vn 0.1574 0.4226 -0.8925
vn -0.0734 0.9063 0.4162
vn 0.9848 0.0000 0.1736
vn 0.0734 -0.9063 -0.4162
vn -0.9848 0.0000 -0.1736
# 6 vertex normals

vt 1.0000 0.0000 0.0000
vt 1.0000 1.0000 0.0000
vt 0.0000 1.0000 0.0000
vt 0.0000 0.0000 0.0000
# 4 texture coords

g Box011
usemtl _crayfishdiffuse
s 2
f -8/-4/-6 -7/-3/-6 -6/-2/-6 -5/-1/-6 
s 4
f -4/-1/-5 -3/-4/-5 -2/-3/-5 -1/-2/-5 
s 8
f -8/-1/-4 -5/-4/-4 -3/-3/-4 -4/-2/-4 
s 16
f -5/-1/-3 -6/-4/-3 -2/-3/-3 -3/-2/-3 
s 32
f -6/-1/-2 -7/-4/-2 -1/-3/-2 -2/-2/-2 
s 64
f -7/-1/-1 -8/-4/-1 -4/-3/-1 -1/-2/-1 
# 6 polygons

#
# object Box012
#

v  -489752.5938 563314.3125 1025644.0000
v  -486232.7188 519844.7188 1005681.7500
v  -11053.1563 519844.7188 1089468.7500
v  -14573.0313 563314.3125 1109431.0000
v  -487774.8750 568625.1250 1014427.8750
v  -12595.3281 568625.1250 1098214.8750
v  -9075.4531 525155.5625 1078252.6250
v  -484255.0000 525155.5625 994465.6875
# 8 vertices

vn -0.1574 -0.4226 0.8925
vn 0.1574 0.4226 -0.8925
vn -0.0734 0.9063 0.4162
vn 0.9848 0.0000 0.1736
vn 0.0734 -0.9063 -0.4162
vn -0.9848 0.0000 -0.1736
# 6 vertex normals

vt 1.0000 0.0000 0.0000
vt 1.0000 1.0000 0.0000
vt 0.0000 1.0000 0.0000
vt 0.0000 0.0000 0.0000
# 4 texture coords

g Box012
usemtl 02___Default
s 2
f -8/-4/-6 -7/-3/-6 -6/-2/-6 -5/-1/-6 
s 4
f -4/-1/-5 -3/-4/-5 -2/-3/-5 -1/-2/-5 
s 8
f -8/-1/-4 -5/-4/-4 -3/-3/-4 -4/-2/-4 
s 16
f -5/-1/-3 -6/-4/-3 -2/-3/-3 -3/-2/-3 
s 32
f -6/-1/-2 -7/-4/-2 -1/-3/-2 -2/-2/-2 
s 64
f -7/-1/-1 -8/-4/-1 -4/-3/-1 -1/-2/-1 
# 6 polygons

#
# object Box013
#

v  -493672.0000 611717.7500 1047872.1250
v  -490152.1250 568248.1250 1027909.8750
v  -14972.5625 568248.1250 1111696.8750
v  -18492.4375 611717.7500 1131659.1250
v  -491694.3125 617028.5625 1036656.0000
v  -16514.7344 617028.5625 1120443.0000
v  -12994.8594 573559.0000 1100480.7500
v  -488174.4375 573559.0000 1016693.8125
# 8 vertices

vn -0.1574 -0.4226 0.8925
vn 0.1574 0.4226 -0.8925
vn -0.0734 0.9063 0.4162
vn 0.9848 0.0000 0.1736
vn 0.0734 -0.9063 -0.4162
vn -0.9848 0.0000 -0.1736
# 6 vertex normals

vt 1.0000 0.0000 0.0000
vt 1.0000 1.0000 0.0000
vt 0.0000 1.0000 0.0000
vt 0.0000 0.0000 0.0000
# 4 texture coords

g Box013
usemtl 02___Default
s 2
f -8/-4/-6 -7/-3/-6 -6/-2/-6 -5/-1/-6 
s 4
f -4/-1/-5 -3/-4/-5 -2/-3/-5 -1/-2/-5 
s 8
f -8/-1/-4 -5/-4/-4 -3/-3/-4 -4/-2/-4 
s 16
f -5/-1/-3 -6/-4/-3 -2/-3/-3 -3/-2/-3 
s 32
f -6/-1/-2 -7/-4/-2 -1/-3/-2 -2/-2/-2 
s 64
f -7/-1/-1 -8/-4/-1 -4/-3/-1 -1/-2/-1 
# 6 polygons

#
# object Box014
#

v  -497691.9063 661362.8125 1070670.1250
v  -494172.0313 617893.1875 1050707.8750
v  -18992.4688 617893.1875 1134494.8750
v  -22512.3438 661362.8125 1154457.1250
v  -495714.1875 666673.6250 1059454.0000
v  -20534.6406 666673.6250 1143241.0000
v  -17014.7656 623204.0625 1123278.7500
v  -492194.3125 623204.0625 1039491.8125
# 8 vertices

vn -0.1574 -0.4226 0.8925
vn 0.1574 0.4226 -0.8925
vn -0.0734 0.9063 0.4162
vn 0.9848 0.0000 0.1736
vn 0.0734 -0.9063 -0.4162
vn -0.9848 0.0000 -0.1736
# 6 vertex normals

vt 1.0000 0.0000 0.0000
vt 1.0000 1.0000 0.0000
vt 0.0000 1.0000 0.0000
vt 0.0000 0.0000 0.0000
# 4 texture coords

g Box014
usemtl 02___Default
s 2
f -8/-4/-6 -7/-3/-6 -6/-2/-6 -5/-1/-6 
s 4
f -4/-1/-5 -3/-4/-5 -2/-3/-5 -1/-2/-5 
s 8
f -8/-1/-4 -5/-4/-4 -3/-3/-4 -4/-2/-4 
s 16
f -5/-1/-3 -6/-4/-3 -2/-3/-3 -3/-2/-3 
s 32
f -6/-1/-2 -7/-4/-2 -1/-3/-2 -2/-2/-2 
s 64
f -7/-1/-1 -8/-4/-1 -4/-3/-1 -1/-2/-1 
# 6 polygons

